-1.308185343822686253e+00
-1.534974867283138256e+00
4.848626634791565471e-02
1.409505422964896004e+00
1.992099136468997500e+00
-1.022605966218041562e+00
-9.366985637224428674e-01
-1.566158095043941767e+00
-1.143023153119485380e-01
6.993248571863536212e-02
-9.122268077227334293e-02
-1.281252274453978934e+00
-1.132652937964892526e-01
2.686330838963897349e+00
-8.080853143706845376e-01
-9.809265639088533550e-01
1.121358245084711935e+00
-4.467811607900515347e-01
7.530435128970911496e-01
1.278026892036283169e+00
1.701002992322070140e-01
-2.329615919288418047e-01
5.177456344855697612e-01
3.012292950184011775e-01
7.822625518604680028e-01
-6.103679820600882433e-01
-1.338439274949608571e+00
-8.160271294476344472e-01
-7.460037021486752851e-01
-5.308720870570678152e-02
-2.388587596225483223e-01
4.118306595013461746e-01
3.011946295912318217e+00
-1.899803274374974871e+00
6.238736050897488727e-01
-3.274042519808604834e-01
-1.701020330261604763e-01
1.503796481021435261e+00
-9.270085503505802738e-01
-5.710092250606226827e-01
-1.003828694136745137e+00
-7.157236755423078689e-01
-9.626824067243839878e-01
-1.458324663957351941e+00
1.654690627648261123e-02
4.189507230642908753e-01
1.520852076992777135e+00
8.236937616601479606e-01
-2.492476899681600244e+00
2.453202242888511131e-01
-1.161863629757580174e+00
2.399102431811975800e-01
8.088760027137821274e-01
-2.651085474996814018e+00
-1.992237816103279213e+00
5.203146019353620533e-01
-2.159752898774972341e+00
-1.686150303240683407e-02
2.862166451071574969e-01
-6.631327858896055583e-01
-1.388812544925836390e+00
-1.320997621148261914e+00
-3.886867456113063239e-04
-2.324576168772229112e-01
-3.221754134576596540e-01
-1.060000443267883119e+00
-1.266532967727879821e+00
-6.859700956168064412e-01
1.647837231368472377e+00
-1.806028122520498269e-01
-1.871333883323844871e+00
-8.341859297403255713e-01
2.702108907701781249e-01
-1.591859098110334436e+00
1.391219417212392062e-01
5.492437700155792246e-01
1.423830319205469541e+00
1.616091471369695831e-01
-1.097566127037468836e-01
-5.992136614633621905e-01
-2.363198281992910932e+00
-1.111486365892507600e+00
-1.904306694381142417e+00
1.117057776698626714e+00
6.494612322105213220e-01
-2.073480163537271825e-01
9.149822739302039265e-01
4.542577114054008880e-01
2.410184684076540074e-01
-1.288005976600529845e+00
-1.996958828985639089e-01
-1.984115187189011253e+00
-2.898035442371046377e-01
-7.081340861532615660e-01
-6.661489296569365059e-01
5.183260227830496780e-02
-1.279345855648533092e+00
9.019953250206106388e-01
2.595061822306032440e+00
2.711811579517631188e-01
-1.452577255892478103e+00
3.128142630572653959e-01
-6.143276507695059063e-01
6.360993211437442341e-01
9.036864240061535103e-01
8.300099126137975292e-01
-9.026377391219443380e-01
-1.328644943902925757e+00
-1.534089221884604948e+00
1.426296223910762162e+00
-6.791770884763690397e-01
1.284320497189858079e+00
-6.643241513315295554e-01
1.783314104684734280e+00
-1.314747045725908947e+00
-4.632844470326600295e-01
7.534338793981799377e-03
-1.377741614736883280e+00
-7.552772795286291085e-01
-7.364178897879454233e-01
-8.833980932958257482e-01
8.101383348449848754e-01
4.492514649615493849e-01
1.768690035216238243e+00
-2.857585460818584666e-01
-9.661903650129991528e-01
1.933052153128822503e-01
9.771322073621722115e-01
-1.964273111891348123e-01
-1.883552266933717467e+00
-1.097745417840373383e+00
1.441265282595627362e+00
1.491766239502459346e+00
-1.775660757420236324e+00
-2.345454345309983812e-01
2.604774731508583893e-02
6.305264891355585322e-01
-8.312149173316778217e-02
4.038968302480944739e-01
1.113060103885741281e+00
-5.911289344047010452e-01
3.299064396536054433e-01
-7.154526173964892433e-01
-1.437215509445969319e+00
-1.878784163838249643e+00
7.922835491371663097e-02
-9.712299400848559833e-03
-1.050350920141319921e+00
-5.163104315312181392e-01
-3.503303830644453054e-01
6.941030026244660034e-01
-5.700923865733770191e-01
5.276601532556752794e-01
-5.123675276712366111e-01
-9.603917881280523705e-01
-7.363338998186953477e-01
1.794219952168174537e-01
-1.457339774587645076e+00
-1.179460461296525375e+00
-2.115400698731892404e-01
-3.604707731242060009e-01
-7.844773105895654422e-03
2.569748032519461933e+00
-1.998760442591418496e+00
4.284037102528083230e-01
8.113914182520697294e-01
1.688252540529369350e+00
-3.088463134234994967e-01
-9.082337197750136593e-01
-6.871669867649998764e-01
1.670311890875975314e+00
-9.779597847343504124e-01
-8.680615801687914523e-02
7.396722264597983820e-02
-1.850325038214678530e+00
2.627161186577595675e-01
4.858216555753346322e-01
1.666646318762100787e+00
-4.522966299804851570e-02
-6.425688828342231984e-01
3.337703038878667705e-01
6.625633838609598092e-01
-9.145103004739907337e-01
-1.034036290620332643e-02
4.391607341711550871e-01
1.161847893158403977e+00
-1.369547697241222828e+00
1.048266070581644227e+00
-8.697774525727893780e-01
5.311418013472373190e-01
-1.064767084448802636e+00
2.628517796841692289e-02
-1.875243352751051695e+00
-1.776808489166879041e-03
-2.310852115527996520e-01
1.683533277160069730e+00
-1.676790745370014379e+00
7.809040895472512123e-01
8.741930495369882870e-01
-1.538526829188162415e+00
8.223557202304111469e-01
-1.255787380456102331e-01
1.137252781442100957e+00
-1.008618213926070206e+00
-6.799435297963296598e-01
5.980062453311387749e-01
5.244474901774802689e-01
4.519159861799638689e-01
-2.207532613455329251e+00
-1.352231392239165719e-01
-7.397077539625642739e-01
2.000939975190726194e+00
-5.283624421595147780e-01
-9.130710365456911060e-01
6.976520205812749564e-01
-3.413421656239492008e-01
-1.095208875052074093e+00
2.126050243643040905e-01
-5.987405903029104914e-01
-3.988409251196757821e-01
2.415930167569539100e-01
2.110276933827584855e+00
1.244434812155520653e+00
1.890349817175909775e-01
-2.338388256271406104e-02
-9.423290336320927496e-01
-1.245896511599468681e+00
-1.023132013446783839e+00
-3.164068155416019934e-01
-2.810438872938152421e-01
-2.322432934783408842e-01
-1.413939743155676831e+00
-2.345276869236247175e-01
-7.311935130865238053e-01
-7.383215913872960279e-01
2.574077921566338967e-01
1.667704035532512064e-01
6.586583530066755232e-01
4.884985505150754026e-01
-2.084183693404077220e-01
-1.371204181621543672e-01
3.208455498769863246e-02
-1.615755507392334200e+00
2.240965045875375206e-01
-1.174129309378001862e+00
-1.253392238733697095e+00
7.865733527959705151e-01
1.025264970752119753e+00
-4.789049628740027487e-02
1.455598044573101768e-01
-8.276063803263276897e-02
-1.861751713011294274e-01
5.654537520362244996e-01
1.537029970876419904e+00
-1.323256223854744507e+00
-9.654112485136197297e-02
9.018770314488042117e-02
1.081590440684306653e+00
2.640936150211972699e-01
-4.845592525463581629e-02
6.796710165135738668e-01
8.392556362080528798e-01
-2.006769140691229969e-01
3.906289690058837860e-01
-1.098604457659083378e-01
3.291889167115322201e-01
1.533649053502328385e+00
1.430377118040601359e-01
-1.505416358758624007e+00
-1.760962924020651021e+00
8.965822762113641042e-01
-1.577539667058859563e-01
-4.843936201381170426e-01
1.144085671120846470e+00
-1.353270410933868906e-01
1.385162822217671508e+00
-2.180552211798549411e+00
3.665979977369578369e-01
6.684714637633011325e-01
2.407167653387558559e+00
-1.533794650029072892e+00
-1.101239530746120909e+00
-3.105206284268553496e-01
2.888125021009825821e-01
2.077825698648929631e+00
-5.117059865027034915e-01
-5.525598536408153905e-01
2.058584076856011968e+00
8.331156421623789887e-01
-2.561489153739075486e-01
3.603704141511707704e-01
-7.990977765393426635e-01
-5.866285750069781812e-01
-6.200350239833140042e-01
-6.290263151313756351e-01
-7.646373181788487239e-01
1.984131768883395097e-01
2.131758225096083592e+00
-1.091051749707423468e+00
-9.855082214926369488e-01
6.581706589575060384e-01
1.531554959106935510e-01
-8.896404190541568058e-01
1.726277010276732193e-01
-2.019147393835876367e-02
2.329655965374792179e-02
-1.704446860030045086e+00
9.910535164360928517e-02
-9.391736631027557403e-01
-1.522676992768092319e+00
5.859382372368481251e-01
7.160878103128098804e-01
-4.162634807491223943e-01
1.253472343711888426e+00
5.786980682148453736e-01
1.642309086179568889e-01
-8.608983428214768141e-01
1.671674932464769281e+00
-3.130194736581757287e-01
9.571168419744224831e-01
3.393187583770935654e-04
-7.477597698327481668e-02
2.750096826969236630e-01
-1.299738440300766573e+00
-5.262273335928898677e-01
3.199665351398671420e-02
4.664185404103269317e-01
-4.423709059993752857e-01
6.471399332288724215e-01
-1.313857193696765568e+00
-4.312592057108203814e-01
-1.494429873685564347e-01
-2.181659454902145079e+00
2.553552362177162749e-01
-8.445605941052122256e-01
-1.677954518234095360e+00
1.049170998970458069e+00
-9.372704322058582616e-01
1.495335707432830175e+00
1.747297810104430527e+00
3.391548259004643628e-01
2.856259295958991640e-01
-1.536691079821612460e+00
1.540755921322424005e+00
-4.666475593324798665e-01
-1.509006451183773745e+00
1.077889145322256548e+00
2.010515339906777110e-01
-8.497125113285870501e-01
9.694047325554196182e-02
-5.822584281780663479e-02
-2.704104616907020420e-01
8.221684923709249304e-01
5.195112392462098994e-01
-5.759669330515957419e-01
-9.505412478376323859e-01
-1.036096220456563799e+00
1.661907273715366840e+00
-9.251993276216514683e-01
-1.269100644076437856e+00
-2.479766812056811265e+00
6.905407345512546424e-01
-8.931811958639999105e-01
1.485601019959618130e+00
1.413563947938175636e+00
-1.159523104758724554e-01
2.154017247383702149e-01
1.483837034524885246e+00
-5.586673358050849858e-01
-5.157712526796827124e-01
9.301108923708591159e-02
7.185972595736780932e-02
-3.877021017381134665e-02
1.658826503294216215e+00
4.381480077879097018e-02
1.066159613801240802e+00
6.538359741206430931e-01
-1.880882820145357293e-01
-6.839324051138194749e-01
3.312942843527303949e-01
-3.141755857890113357e-01
-6.664666143604195403e-01
-8.996728966298505048e-01
-3.609152320489309451e-01
5.228264885545595986e-01
-1.368439147611437035e+00
-7.005144601678993388e-02
4.821080330381609103e-01
8.869681769910561231e-01
4.072299649051291243e-02
-8.106345938370396187e-01
2.788309311385506750e-01
-3.624837845154819105e-01
-3.069784707079193931e-01
1.355826271670201311e-01
-1.164013488149668180e-01
-1.454154612277084757e+00
-4.611569154831312578e-01
-2.757021626404949077e-01
3.674716569430692137e-01
2.236292542422491536e+00
-6.428788206722367837e-01
1.008499127263134509e+00
1.006804476465166381e-01
-5.096173129444604433e-01
-7.239898985167384504e-01
7.093182484795789167e-01
-3.787300109374647228e-02
-2.206508408198364635e-01
1.955058163755066136e+00
9.216856337792111997e-01
1.436316884367722091e-01
-5.396935730564496048e-01
-1.483953669928569141e+00
-1.453490867955914867e+00
4.705394134692407193e-01
-8.563728310238440944e-01
-1.754551379292961899e+00
-1.868046212069230105e-01
-1.043381019280094302e+00
-5.170615252146527618e-01
-1.371096266144169906e+00
-2.128870168009989072e+00
1.515843337914972500e+00
3.419679717144721853e-01
1.347981685804041208e+00
5.357814855219388273e-01
1.222614660799093977e+00
-1.384868628634297494e+00
4.614765562112061459e-01
2.672196001766188878e-01
-3.437286228864869231e-01
-1.256523872610300265e-03
-5.334804921828882884e-01
8.061405531670674529e-01
5.098627792877324927e-01
-5.988008003059177575e-01
-1.825971870489587978e+00
6.561675167237461526e-02
-2.310283356501408314e-01
-4.230136063949447300e-01
-2.629348049867607506e-01
-2.057909432708585840e+00
-4.489537525556728248e-01
1.181826481693058817e+00
-2.343186527255852525e+00
-2.834534620549839512e-01
2.008112983106522975e+00
5.668743578546805439e-01
2.308489902827601942e-02
9.102500689541079826e-01
1.386570854804991759e+00
1.667733659520291400e+00
-3.545719435110888385e-01
1.501862990059365410e+00
2.090461596240129616e+00
-8.557633862101350353e-01
-3.582029119867875533e-01
-1.451548153721195167e+00
1.532734224722186678e+00
1.872389219702956575e+00
-4.683483264099426169e-01
1.672317581551148458e-01
-1.486747471269656007e+00
7.519995904915082185e-01
9.203067898408090475e-01
-1.024390370059313105e+00
-2.665872702983267395e-01
1.059892680775979812e-01
-1.140319268330218350e+00
6.083600163866407229e-01
-6.712083029008159007e-01
2.861387152992233007e-01
-3.691612466207756516e-01
-2.171475964926648405e+00
-1.113816582183088988e+00
5.230011961006915122e-01
-1.397218600588424398e+00
4.268001508111401443e-01
-3.813744540922525683e-01
-9.595254382341018573e-01
1.496082005207584720e+00
-7.616706638418386729e-03
-1.959582943768517715e+00
-1.178971773461568562e+00
-1.566686085001826045e-01
6.688664118965511607e-01
9.754748915603788095e-01
-9.099578598361772741e-01
1.064180640824339275e+00
-7.411300544636366672e-01
-1.598632667240153238e-02
6.817626333202806421e-01
-5.180718962681504225e-01
4.131937027363975778e-02
-5.064585752215036152e-01
-8.366179140350441523e-01
-3.993480900374432041e-01
1.594376452908449204e+00
4.832263561687595299e-01
-8.068156044035050822e-01
9.365691286769690649e-01
1.665744699939365747e-01
-1.905647241618423804e+00
5.827002334313250431e-01
1.596782172835491398e-01
6.964301083674744319e-01
-6.045312009626526706e-01
1.890961662678410371e-01
2.129235972689424550e+00
-2.404325711773273255e+00
1.601403473820864065e-01
-1.175229106344766850e+00
2.574244382441112755e+00
-3.783919736370454645e-01
-1.262289895649928440e+00
-8.836579263197864575e-01
1.051837925615499270e+00
-2.213215728311787589e-01
-3.621230699963799704e-02
2.207560154399947350e-01
-8.155731319994208306e-02
7.751694716508239491e-02
-6.782499089346655241e-01
1.425801188994116342e-01
6.024543652701778162e-01
-2.520995929950893277e+00
-5.445440863441722845e-01
1.045734828921622839e+00
6.669322851355928838e-01
1.421825344436029370e+00
6.051121149869223559e-02
4.361481189694911831e-01
-1.348036719170627284e+00
-4.405451926308122657e-01
1.558907772618951526e+00
1.850687832768504126e+00
-1.422141425474849674e+00
-8.124588051261893984e-01
7.680769040127064518e-01
1.459082458558086381e+00
-3.983840271625825324e-01
-1.485944720169411593e+00
-5.164601214243913496e-01
1.651504540237074048e+00
-2.619701322479089933e-01
1.169552868108413080e+00
-4.483510282028063121e-01
-1.168700800753804003e+00
6.345332787212606407e-01
-2.019602891597668537e-01
1.748971184433424364e-01
-1.374402397312844970e-01
5.302621378268193020e-01
-7.684477527652213702e-01
-2.529363679063593828e+00
-1.321345687026279636e-01
-2.783090218918529146e+00
5.981292769799250175e-01
-9.877449548021818293e-01
-1.293219859258408211e-01
-3.209511335516762043e-01
3.552500328575721733e-01
1.619703457000764901e+00
1.970134767037126644e-02
-1.690329783973580635e-02
2.925445076227259356e-01
7.921139660543411454e-01
1.601570430137865542e-01
9.719147822221949617e-01
2.393152497561016057e-01
4.493870046324474621e-02
-1.552407513906617076e-01
-2.942729180486559626e-01
4.155415640415416889e-01
2.741445078597502527e-01
-4.482396423259932816e-01
1.472002608266400170e+00
-1.718530026119152510e+00
1.857541242635011858e-01
1.655959393584888861e+00
3.580995630595296261e-04
-9.072016391691262172e-01
-3.541567054121785157e-02
3.345844615324892191e-01
1.395247067786473227e+00
-6.638119722316927485e-01
9.458731871716826722e-01
-2.172011667154065240e+00
-1.808459585400833958e-01
7.137754469044450545e-01
6.786522599396455080e-01
-9.719668427878718209e-01
-2.473747957638685602e+00
-1.734944282905323654e+00
-2.423306804998267561e-01
-8.971509380327017391e-01
1.025896927956233107e+00
-8.976552776058934757e-01
9.791349523067350846e-01
-8.215007990924896308e-01
7.775107679226098689e-01
-3.224062991333181971e-01
5.577331250775223737e-01
-4.483548747391966072e-02
-2.232794293512735395e-02
-6.358506131548198326e-01
-7.805826589471288601e-01
4.989688195001139026e-01
-6.130323107197738208e-01
9.681020157429007789e-01
2.543372927381712056e+00
-1.461944519249630758e+00
1.205202597379446960e-01
-2.002778944778449866e+00
6.734603841200342833e-01
1.957103543671691592e-01
2.217420128644727040e-01
-2.102236850746585173e+00
-4.320185781660023649e-01
-1.221246786274654994e+00
1.205332287594405249e+00
2.533968156655241888e-01
7.998880863407326069e-02
-5.991258458238012397e-01
-8.369913277490533682e-03
5.719122176974763411e-02
-9.257851022829866050e-02
-2.389922322259726783e+00
-1.251783704049672930e-01
-1.963841154947796097e+00
-1.351327698437052804e+00
-1.360365353881371586e+00
1.485382250585651986e+00
-7.660420139272512419e-01
-1.594410088104593948e+00
3.018220976064748262e-01
2.701970546734163148e-01
1.594221781192623810e+00
5.164771943089521145e-01
-6.694776572473677412e-01
-5.548667263630441271e-01
4.077365388131063417e-01
1.100215532982860900e+00
8.388669803435612193e-01
9.894954440418770591e-01
-1.646511300046834769e+00
-1.168810155866305989e+00
-1.262754876536892334e+00
1.719065177358466645e+00
-3.226998626404994575e+00
-1.187800753869753256e+00
-5.662196957233263106e-01
-4.489774419807721628e-01
6.489230375023830044e-01
-1.293674021689890097e+00
8.201212144502343371e-01
1.474423604755712658e+00
-1.648652894165823612e+00
-9.928348588025380506e-02
-4.190521403329813266e-01
-6.087470984105411986e-01
-6.460271942411925927e-01
-9.338409186540537199e-01
7.976186685407901100e-01
1.145678025900149777e+00
1.336365250551535988e+00
3.358134881166695562e-01
2.238930278948319252e-01
5.553238398054333169e-02
-7.597715634385712180e-01
-1.032118211863890966e+00
-2.567230851910331513e-01
8.667285585000041037e-02
4.241782624270899055e-02
1.619652680657041321e-01
-3.447189724689036505e-01
5.797509272811776082e-01
4.216476180086616288e-01
-1.510974136629840148e+00
1.375092609375845043e-01
1.115147444075644811e+00
4.191529231399974686e-01
8.993889089959702932e-02
-1.390108402167117285e+00
-4.396572558841466138e-01
-7.416963967900800370e-01
1.907770260496356229e+00
8.598076263180780554e-01
1.319752214181969807e-01
3.867942462320854147e-01
2.095134985072914180e+00
7.419620982264892861e-01
-1.040386396086337845e-01
9.131891499557270864e-01
-9.495368067385433486e-01
-6.241724477487051725e-01
1.244152034840155130e+00
-3.873097647623670592e-01
6.250384247751193945e-01
8.155623160379605885e-01
-2.987095599385125033e-01
-1.850232958174211406e+00
-1.248074221018949714e+00
-7.970177179976819515e-01
8.401089598199277253e-01
6.709297009916895815e-01
-2.186641157815581715e-01
-5.400295987277546894e-01
-1.236635943366914070e+00
-2.917884213287529338e-01
4.262292510806577339e-01
-4.618565158287588623e-01
-3.959969913035791267e-01
-1.200975021475879201e+00
-1.724793565209674862e+00
-1.550805368261383821e+00
1.420710612245245308e+00
-1.424626723595981082e+00
1.258292217327210194e+00
-4.279996323033893879e-01
-2.407886038708436927e-01
5.965979917599706361e-01
1.349638030513747866e+00
-5.010969545951905746e-02
5.592482903497273394e-01
-1.198940062740685430e+00
-9.205082901079219004e-01
1.305479319115638859e-01
-1.959881614735123623e-01
-7.896467061966653267e-01
4.249327438181561001e-01
5.645491175809841389e-01
3.235065998989548053e-01
9.455828657679565818e-01
1.226309460201771839e-01
1.283356575782050202e+00
8.386603138593234918e-01
-1.180463683181364853e+00
5.838463291555732182e-01
-1.109902260373219596e+00
-2.408195283124306141e-01
-1.993558072008098758e+00
2.547885817123582974e-01
2.031123315023391829e+00
1.661287873494618372e+00
5.454695861874663265e-01
-1.534388772053306704e+00
1.361310172133198548e-01
1.184620362173020247e+00
-5.995047879779193956e-01
-6.807778769542205399e-01
-1.056692837276570263e+00
-1.228880624334861338e+00
-2.994396875088583543e-01
3.770648109921437285e-01
-7.949289084354442814e-01
-1.158810519325379040e+00
-3.307438817926761782e-02
1.171137860134908726e+00
-1.200658275275962444e-01
1.523249957540768751e+00
1.677639350210921310e-01
1.593552477021013658e+00
8.004282478827384750e-01
8.770516911903040169e-01
-1.340772580422927573e+00
3.460148616550638434e-01
-4.128046420134937056e-01
-9.062487760597760511e-01
-9.039116829500305483e-01
2.462308070394962467e+00
-6.635715651883298261e-01
-1.170633853424058124e+00
1.932021958827914387e+00
5.664004983681158317e-02
7.810502790392099826e-01
-1.282305031076064750e-01
1.452451932220498065e+00
3.402011016389917542e-01
9.803504475019093611e-01
9.326821939896901004e-01
-5.366636900971639285e-02
1.171761705728622038e+00
-3.337896002156438002e-01
-3.653461270140636596e-01
1.075893614171328450e+00
-6.086853789756877520e-01
1.424652755340220178e+00
-8.938839948073067365e-01
-1.499630100186134074e+00
-2.588529590889572796e-01
2.473217997374658472e-01
3.307024670161137436e+00
-1.563426523094382792e-01
1.023508110021983830e+00
3.358322265520839456e-01
-1.698926441317023805e-01
-2.870661099906987035e-01
-4.046389684267565623e-01
1.512389495662777250e+00
2.470979691524056998e-01
1.009130273664139432e-01
2.293020846153222825e-01
5.088605156502357119e-01
-3.817550832156230700e-01
8.294385091324605330e-01
4.018518483598123026e-01
9.052546373301165183e-02
2.113348800815930198e-02
3.263495037849638569e-01
4.669673968411739984e-01
-1.291723174505206684e+00
-9.260898210505924544e-01
-1.073823255828883605e+00
-5.517596946597087548e-01
6.491974699810820759e-01
-6.144960198102342730e-01
7.798267076744105353e-01
-4.780615197720112231e-01
1.654049998174300429e+00
9.388540300568973818e-01
-6.463676407794829437e-01
-9.725090057365219642e-02
5.854991818670101100e-01
1.930803235683005437e-01
-8.883393546060934787e-01
7.735119621757292618e-01
-2.015603788200648061e-01
-2.838577067395336440e-01
1.575537507447386798e-01
5.566966206462490435e-02
-8.917680393571035813e-01
2.114850179210318259e+00
1.220829668322931605e+00
2.212633856473260607e+00
-3.665263871210662772e-01
3.942940103390152884e-01
7.645776843136307122e-01
6.746914898414605455e-01
-1.132744461642622102e+00
1.859143385015403993e+00
6.902383796516090575e-01
-4.075180338630609578e-01
5.213206580458025208e-01
5.488038178838604564e-01
1.924249830936327177e+00
1.647994538071612780e+00
2.240060788961875105e-01
-5.662663726418313281e-01
1.162017295779460002e-01
8.813418980972669292e-01
-8.278657803772125623e-02
1.171777165184448410e+00
-6.700192934163654579e-01
-5.785673187326120237e-01
5.445017008721609875e-01
1.824704877209003095e+00
5.003179615167269167e-01
1.184386022349529499e+00
-8.729106141023458276e-01
1.849713263837447774e-01
-1.019805605561855621e+00
5.515552487751647082e-01
1.774983169176556075e+00
1.531968338933044738e+00
7.118486243600926633e-01
-1.040694726468352593e+00
-1.031881878747058501e+00
2.230745144049272599e-01
-9.095549340931212423e-02
-3.815604301345187910e-02
-4.009282151108235770e-02
-1.011762324574869476e+00
-8.338836677722419877e-01
-3.846477797276596222e-01
5.402942850465993763e-01
-6.050568741065550649e-01
2.663347614223948501e+00
-2.570889194826184720e-01
-5.121671963362599556e-01
8.608187173068645448e-01
3.439034025575328224e-01
4.615573258258375278e-01
-1.335050109003674823e+00
-1.163764820096369945e+00
-7.243133198433020503e-01
4.643068301976928658e-01
-4.049390356578812522e-01
-6.162326764465431150e-01
-3.243307200271440816e-01
-1.370942338808369965e-01
-1.136168741099823798e+00
-1.927712215295580123e+00
7.233431532436918054e-01
5.351466182403498140e-01
5.382740793469622531e-01
1.821058872492317571e+00
-9.759235284920844133e-01
2.588702659947554885e+00
-7.415933304024442396e-01
-1.645731687756818995e-01
2.604340304899182001e+00
6.657202304424275630e-01
-7.452392951507411656e-01
-2.309483138948956515e+00
1.760834373851032364e+00
-1.786069130197763810e-01
-2.361868978674410424e-01
3.439141115236784563e-01
-5.072642287133141692e-02
1.235540704505777132e+00
6.672211818066492439e-01
1.278948798813698273e+00
-6.697175868102540619e-01
1.228578831889762357e+00
8.845564938228566154e-01
9.624071712639333809e-01
-5.827163550958361915e-01
-2.613386166108846997e-01
8.823528377856179050e-01
-1.309509409787161571e+00
-1.120781242965023461e+00
-1.136139361975549322e+00
3.251032923685729381e-01
-8.352551399764882589e-01
-3.237401881259365233e-01
-1.792008858162668528e+00
-1.263756174218373385e+00
2.399668207061295799e+00
1.177247692242972266e-01
1.491055920499808840e+00
3.530117328639230667e-01
5.712090430954308573e-01
1.951925605470583358e+00
1.919769791508642853e-01
-4.870849243438573617e-01
9.666234379122264908e-01
-2.500570311614662700e+00
6.874821837501259303e-01
-2.368512103767474782e-03
4.969307014790837473e-01
4.218555785967272875e-01
-9.572517154091980673e-01
-4.902725557176179638e-01
-1.490004544358037197e+00
6.880594877144847743e-01
3.887444093027452863e-01
1.497212110079839398e-01
5.657697922513954536e-01
1.786962037276098147e+00
-1.589962786711489828e+00
1.053902522948453102e+00
-1.831678725975235844e+00
-1.005412000184510157e+00
-6.766308151045902219e-01
-1.956252596594621140e+00
-7.559875348296655195e-01
1.195971925945465975e+00
1.030423514085737180e+00
-5.087632544100267884e-01
-1.337720884961111079e-01
3.517020799209693571e-01
-1.841963334865178492e+00
-3.630012151344214066e-01
-1.116204867030230474e+00
7.624882189449577741e-01
-5.495874199028054630e-01
6.970185670691756430e-01
1.703094577497681894e-01
4.681157894047952572e-01
-4.295564915202396139e-01
-4.218175901170018172e-02
-1.398564884792257379e+00
8.488270496801622600e-02
1.227554325285518333e+00
-5.829965152188396615e-01
-1.881566184679711873e-01
4.565186670571846905e-01
-3.199040769139097629e-01
-6.488833524093862160e-01
-4.383434521590712923e-02
5.933025984241253603e-01
-1.398029494983848986e+00
-1.143104588065822824e+00
-1.204000278142763197e-01
-6.933354321792281061e-01
-7.419168450946309612e-01
-1.169586668736942725e+00
-9.258981926473563995e-02
-2.353933647800808160e+00
-1.120392891111414713e+00
5.451960740629844260e-01
1.965637679661509152e+00
-1.054762300901830763e+00
4.832680582714705686e-01
2.669043606255477180e-02
7.678866448108687681e-01
7.417313311751024818e-01
2.236110059072981548e-01
